sin(x) by cmath: -0.239249329213982
Taylor series approximation:
0 -2.900000000000000
1 1.164833333333333
2 -0.544429083333333
3 -0.202169632757937
4 -0.242147438026535
5 -0.239090953096454
6 -0.239255728982749
7 -0.239249130100826
8 -0.239249334132433
9 -0.239249329115164
10 -0.239249329215629
11 -0.239249329213959
12 -0.239249329213983
13 -0.239249329213983
14 -0.239249329213983
15 -0.239249329213983
16 -0.239249329213983
17 -0.239249329213983
18 -0.239249329213983
19 -0.239249329213983
20 -0.239249329213983
